6.799823582176388825e+00,
3.966597908817642804e+01,
-1.355233882364135889e+00,
4.180488135128205940e+00,
-9.933094733327841874e-01,
-8.515181990093550368e+00,
-4.099392473177556617e+00,
2.115651482766692126e+01,
-9.528441437384411739e-01,
-4.492819187470510900e-01,
1.421626651665117924e+00,
-2.876115946488785546e+00,
-6.195014943603921687e+00,
2.395240023207003333e+01,
-4.273151931165573458e+00,
4.490821656031911857e+00,
5.948802392920671700e+00,
2.277901513164111158e+00,
1.482055782747117689e+00,
3.948327879357447046e+01,
2.017451322036096073e+01,
1.175338469426382737e+01,
7.314692864936872319e+00,
1.810004597778846758e-01,
2.017074940721083465e+01,
9.326973318396571955e+00,
-1.202702976400254542e+01,
2.274981864523580910e+01,
9.846905929932265877e+00,
-7.750162819129281289e+00,
1.785071751662498585e+01,
1.405944006507637845e+01,
2.639310637858311637e+01,
9.899487375685264823e+00,
3.908536780686500833e+01,
-1.585974695607871521e+00,
-2.964430046947616582e+00,
-3.445116558770070725e+01,
1.926713041822821992e+01,
-5.863817573046548048e+00,
4.791924869735438186e+00,
-3.857924455110525486e+01,
4.067097902757416961e+01,
6.287884801799354761e+01,
1.741997190627559533e+01,
-1.826302564173850618e+00,
-5.270785448202675383e+01,
-8.667053637522609932e+00,
5.457106362460639559e+01,
2.803392500069369220e+01,
4.033155859430230805e+00,
1.136437646391646972e+01,
-2.961511556407738510e+01,
-4.298271628415863077e+00,
-2.538306619635620365e+01,
-3.467887403507569744e+00,
-7.661442647423066798e-01,
-1.814704898868418681e+00,
1.969106250915279688e+01,
-4.240904785604550753e+00,
2.774797253775767203e+01,
2.506454142194691204e-01,
5.305102989336524644e+01,
-9.235295873405267031e+00,
