-1.970479132939735756e+00,
-1.399183223279793165e+00,
-1.214006599567080569e+00,
-4.922787564079159628e-01,
-3.417200227188470052e+00,
-2.195944626283323764e+00,
-2.908461748885334153e+00,
-4.703104991623274223e-01,
-8.261248754000737327e-01,
-6.940131377444610505e-01,
-5.330219389029026145e-01,
-5.889100773511405151e+00,
-6.009294567628535866e-01,
-2.924172874369850739e+00,
-2.860614918496807046e+00,
-2.662078856157915840e+00,
-2.434704903182927538e+00,
-1.880772321004298364e+00,
-5.576306645566028175e-01,
-2.898016443590307301e+00,
-5.430948263042667534e-01,
-4.244526819308150678e+00,
-4.414942489936366954e+00,
-2.275956726239505734e+00,
-6.204468558824013380e-01,
-1.141159792387847149e+00,
-1.801377408750006071e+00,
-3.575157703750861948e+00,
-1.135369961437163955e+00,
-2.387380717299220634e-01,
-2.483401830340668859e+00,
-7.132349414229643969e-01,
